19585
19620
19982
20552
20956
20604
21607
21882
22676
25353
24146
24278
24345
25121
26209
25584
25484
26141
25443
27392
28929
29176
28940
29119
29097
27586
29429
29908
28827
29850
26282
27046
25540
25067
26187
23972
24353
24400
23831
25517
22152
23589
21546
22531
23425
21969
20801
20723
20020
21909
18482
18315
16676
16732
16721
15357
14083
13488
13283
14472
11470
11706
10335
10065
10320
8659
8176
7582
7261
8437
6503
6624
6185
6019
5609
4558
4345
4334
4097
4497
3239
3171
2931
2617
2463
2045
1626
1315
1144
1103
750
655
438
385
328
249
163
130
94
358
